precision_0: 0.9103359475594054
precision_1: 0.65
recall_0: 0.9779929577464789
recall_1: 0.29789184234647115
f1_score_0: 0.9429524098211579
f1_score_1: 0.40854808296668765
